0.01 216.91080403266534
0.04990000000000001 50.98074346823561
0.08980000000000002 28.32894319671447
0.12970000000000004 16.72404040344373
0.16960000000000003 14.999640914298102
0.20950000000000002 10.353737662657053
0.2494 8.697305694974547
0.2893 7.497780989722267
0.3292 7.727640033611659
0.3691 6.892276074410637
0.409 5.303442641385459
0.44889999999999997 5.667050788739058
0.48879999999999996 4.437618740439142
0.5287 4.811687344552602
0.5686 4.474039920972504
0.6085 4.180672307419824
0.6484000000000001 3.923410084924374
0.6883000000000001 3.695974283110509
0.7282000000000002 2.9787256802068827
0.7681000000000002 2.8239917202534186
0.8080000000000003 3.1484394790407912
0.8479000000000003 3.0002819896980233
0.8878000000000004 2.4432395137718537
0.9277000000000004 2.7422001714616373
0.9676000000000005 2.629122673692598
1.0075000000000005 2.1529608340711173
1.0474000000000006 2.428813346443541
1.0873000000000006 2.339684630796432
1.1272000000000006 1.9243328959604786
1.1671000000000007 2.179709621339183
1.2070000000000007 2.107654597402621
1.2469000000000008 1.7396006418531174
1.2868000000000008 1.6856605846492467
1.3267000000000009 1.9174938562334838
1.366600000000001 1.861509658323546
1.406500000000001 1.8087018123462233
1.446400000000001 1.7588074523402635
1.486300000000001 1.4594012247370316
1.5262000000000011 1.4212475693399627
1.5661000000000012 1.6243784554402423
1.6060000000000012 1.5840218549595027
1.6459000000000013 1.5456219084178597
1.6858000000000013 1.509039683868167
1.7257000000000013 1.2569438722412074
1.7656000000000014 1.2285387632117408
1.8055000000000014 1.2013891112304906
1.8454000000000015 1.3785299117074687
1.8853000000000015 1.3493550623587538
1.9252000000000016 1.321389517486473
1.9651000000000016 1.294559614810928
2.0050000000000017 1.0818493966716463
2.0449000000000015 1.060740398223214
2.0848000000000013 1.0404393900262143
2.124700000000001 1.1973168442909417
2.164600000000001 1.175246742615247
2.204500000000001 1.153975549587191
2.2444000000000006 1.1334606572201762
2.2843000000000004 1.1136624344722503
2.3242000000000003 1.0945439717171335
2.3641 0.917519580528173
2.404 0.9022911981392068
2.4438999999999997 0.8875600639660592
2.4837999999999996 0.8733022144804943
2.5236999999999994 1.0080196136882213
2.563599999999999 0.9923307454614463
2.603499999999999 0.9771227574668581
2.643399999999999 0.962373874201772
2.6832999999999987 0.9480636153486227
2.7231999999999985 0.9341727008904821
2.7630999999999983 0.9206829644475256
2.802999999999998 0.9075772740153283
2.842899999999998 0.894839459377736
2.882799999999998 0.8824542455477178
2.9226999999999976 0.8704071916600953
2.9625999999999975 0.7321636536578188
3.0024999999999973 0.722433985121284
3.042399999999997 0.712959518908314
3.082299999999997 0.7037303443294468
3.1221999999999968 0.6947370573078772
3.1620999999999966 0.6859707284167658
3.2019999999999964 0.6774228733062632
3.2418999999999962 0.6690854253143695
3.281799999999996 0.6609507100757677
3.321699999999996 0.7658545621413637
3.3615999999999957 0.756764367879869
3.4014999999999955 0.7478874317403993
3.4413999999999954 0.7392163361030295
3.481299999999995 0.730744003408199
3.521199999999995 0.7224636768899699
3.561099999999995 0.7143689026045215
3.6009999999999946 0.7064535126534202
3.6408999999999945 0.6987116095100017
3.6807999999999943 0.6911375513651821
3.720699999999994 0.6837259384161473
3.760599999999994 0.6764716000279105
3.8004999999999938 0.5707428076112765
3.8403999999999936 0.5648130508089408
3.8802999999999934 0.5590052419469257
3.9201999999999932 0.5533156574477465
3.960099999999993 0.547740723801585
3.999999999999993 0.5422770100816641
