5.495 0.41134560627875594
5.99 0.5328245672381636
6.485 0.676135463034549
6.98 0.8430824360452268
7.4750000000000005 1.0354696279871887
7.970000000000001 1.255101180478787
8.465 1.5037812351241298
8.959999999999999 1.783313933525323
9.454999999999998 2.0955034172842018
9.949999999999998 2.442153828002415
10.444999999999997 2.8250693072816793
10.939999999999996 3.246053996718226
11.434999999999995 3.7069120378985807
11.929999999999994 4.209447572427711
12.424999999999994 4.755464741730978
12.919999999999993 5.346767687010565
13.414999999999992 5.985160548662553
13.909999999999991 6.672447456967136
14.40499999999999 7.4104325484956455
14.89999999999999 8.200919987213156
15.394999999999989 9.04571369478094
15.889999999999988 9.94661785491342
16.384999999999987 10.905436331846133
16.87999999999999 11.923972862523259
17.37499999999999 13.004033139366458
17.86999999999999 14.147413374598381
18.36499999999999 15.355922577026083
18.859999999999992 16.631372706531685
19.354999999999993 17.975546302203913
19.849999999999994 19.39021405890058
20.344999999999995 20.877223404651033
20.839999999999996 22.438343008900077
21.334999999999997 24.075496049302952
21.83 25.790048271178577
22.325 27.584486516546
22.82 29.459523352825688
23.315 31.418438158775597
23.810000000000002 33.461663291016656
24.305000000000003 35.59136792513825
24.800000000000004 37.80763316427133
25.295000000000005 40.114855732691346
25.790000000000006 42.51638090570415
26.285000000000007 45.008906163634556
26.78000000000001 47.59623018961412
27.27500000000001 50.27356910519597
27.77000000000001 53.06152021143278
28.26500000000001 55.932309403057246
28.760000000000012 58.911570858985115
29.255000000000013 62.008337988772105
29.750000000000014 65.19589969030125
30.245000000000015 68.48826600425778
30.740000000000016 71.8866362067191
31.235000000000017 75.39213917694035
31.730000000000018 79.0058293804468
32.225000000000016 82.67922019151649
32.72000000000001 86.5615945240561
33.21500000000001 90.50537298531994
33.71000000000001 94.48008431616714
34.205000000000005 98.72832310155357
34.7 103.00866062695789
35.195 107.40219221595932
35.69 111.76477629811365
36.184999999999995 116.36477176343352
36.67999999999999 121.26488261158752
37.17499999999999 125.89966500561968
37.66999999999999 130.83423911439678
38.164999999999985 136.15266266584072
38.65999999999998 141.03605893916938
39.15499999999998 146.64554172733577
39.64999999999998 152.0612014197043
40.144999999999975 157.16266606796174
40.63999999999997 163.2281541839788
41.13499999999997 168.9780333304472
41.62999999999997 174.83774742382099
42.124999999999964 180.80635622521095
42.61999999999996 186.88283026231986
43.11499999999996 193.06605341033688
43.60999999999996 199.3548256495231
44.104999999999954 205.74786598099328
44.59999999999995 211.25270474026215
45.09499999999995 218.84124048521366
45.58999999999995 224.37277071938445
46.084999999999944 232.3344283685191
46.57999999999994 237.86622673873623
47.07499999999994 246.21459211033365
47.569999999999936 253.29550761576868
48.064999999999934 260.46791590364506
48.55999999999993 267.72995572408615
49.05499999999993 273.13812733663707
49.549999999999926 282.5152538501149
50.04499999999992 287.82132689044334
50.53999999999992 295.27785115602677
51.03499999999992 305.3163970103216
51.529999999999916 310.4101614656891
52.02499999999991 320.9086057447122
52.51999999999991 328.81579900765365
53.01499999999991 333.6243858824809
53.509999999999906 344.8415716898142
54.0049999999999 352.95578646094896
54.4999999999999 357.40492727377347
54.9949999999999 365.44731131043255
55.489999999999895 377.67733285840086
55.98499999999989 386.0367765677013
56.47999999999989 389.89009210744126
56.97499999999989 398.13554697741563
57.469999999999885 406.42627952034707
57.96499999999988 414.7601152035721
58.45999999999988 423.1348938107657
58.95499999999988 431.5484713121799
59.449999999999875 439.9987216285898
59.94499999999987 454.73524697141687
60.43999999999987 457.00083599478313
60.93499999999987 465.5485520597541
61.429999999999865 481.1891754398106
61.92499999999986 490.0740247694157
62.41999999999986 491.35395075516266
62.91499999999986 500.0032113735293
63.409999999999854 516.9004916817383
63.90499999999985 525.8932838702436
64.39999999999985 534.9081258430647
64.89499999999985 534.7862728103719
65.38999999999986 552.9963113375248
65.88499999999986 552.263543787348
66.37999999999987 561.0173682307513
66.87499999999987 580.2469438129073
67.36999999999988 589.3548246214705
67.86499999999988 598.4719559594811
68.35999999999989 596.0943971312138
68.85499999999989 616.7271950370504
69.3499999999999 613.6473000253126
69.8449999999999 634.9994419000769
70.3399999999999 644.1379584909771
70.83499999999991 639.9601712232686
71.32999999999991 648.7209508571593
71.82499999999992 671.5447644328941
72.31999999999992 666.2189859585861
72.81499999999993 689.7940964941392
73.30999999999993 698.908003372746
73.80499999999994 692.3877420495029
74.29999999999994 701.084823236251
74.79499999999994 726.1908082581497
75.28999999999995 718.4331943200124
75.78499999999995 727.0822548442796
76.27999999999996 735.7131333060797
76.77499999999996 762.3841204372263
77.26999999999997 771.391860181511
77.76499999999997 780.3811776561205
78.25999999999998 789.3510347324101
78.75499999999998 778.5597060799904
79.24999999999999 807.228370081969
79.74499999999999 795.5372697518908
80.24 825.0161754000573
80.735 812.412498137209
81.23 842.7072377409128
81.72500000000001 851.5143635886362
82.22000000000001 860.294808449418
82.71500000000002 869.0477989561801
83.21000000000002 877.7725889579146
83.70500000000003 862.3640590602062
84.20000000000003 870.5838971083639
84.69500000000004 878.7719798254536
85.19000000000004 886.9277496182957
85.68500000000004 920.9492619826507
86.18000000000005 929.4906444883206
86.67500000000005 937.9993257562137
87.17000000000006 919.2173643009462
87.66500000000006 927.2040152041083
88.16000000000007 935.1554864318989
88.65500000000007 971.6964688250466
89.15000000000008 980.0339121554813
89.64500000000008 988.3357152509011
90.14000000000009 996.6014629116775
90.63500000000009 974.3717519945315
91.1300000000001 1013.0232310012478
91.6250000000001 989.7994164472243
92.1200000000001 997.4565909797074
92.61500000000011 1037.3762165384117
93.11000000000011 1012.6563523402613
93.60500000000012 1020.1984794208424
94.10000000000012 1027.701823912835
94.59500000000013 1069.3117592418876
95.09000000000013 1077.1983052830458
95.58500000000014 1085.0454533539869
96.08000000000014 1092.852999493133
96.57500000000014 1100.6207545692475
97.07000000000015 1071.8977693325567
97.56500000000015 1116.0362067712895
98.06000000000016 1123.6835962270516
98.55500000000016 1093.4598746102656
99.05000000000017 1138.857032794063
99.54500000000017 1107.6343714632578
100.04000000000018 1153.867936295903
100.53500000000018 1121.6481320980306
101.03000000000019 1168.7155842667426
101.52500000000019 1176.0780121641712
102.0200000000002 1183.399437862898
102.5150000000002 1190.6798209306794
103.0100000000002 1197.9191310879428
103.50500000000021 1205.1173478941594
104.00000000000021 1169.4279650185813
104.49500000000022 1176.0926829977589
104.99000000000022 1226.4653749827057
105.48500000000023 1233.4992001468372
105.98000000000023 1240.4919668193963
106.47500000000024 1247.4437073694644
106.97000000000024 1254.3544619894537
107.46500000000024 1215.2397936118884
107.96000000000025 1221.624744914725
108.45500000000025 1227.970040270656
108.95000000000026 1281.5886842749828
109.44500000000026 1240.542054619773
109.94000000000027 1246.7689833363652
110.43500000000027 1252.9566751234006
110.93000000000028 1259.1052478703768
111.42500000000028 1265.214824310585
111.92000000000029 1321.2217094437021
112.41500000000029 1277.3175022533287
112.9100000000003 1334.1108225771918
113.4050000000003 1289.2657803832624
113.9000000000003 1346.8404877788269
114.39500000000031 1301.0607956343738
114.89000000000031 1306.9012015125522
115.38500000000032 1365.6382611064203
115.88000000000032 1318.4685839148153
116.37500000000033 1377.9738982485546
116.87000000000033 1329.8857967038384
117.36500000000034 1390.153930504052
117.86000000000034 1341.1541643617027
118.35500000000035 1402.179590339916
118.85000000000035 1408.1349296917024
119.34500000000035 1357.7806329176256
119.84000000000036 1419.9314510550478
120.33500000000036 1425.7729707008177
120.83000000000037 1374.0800586253831
121.32500000000037 1379.4413736800263
121.82000000000038 1443.072643167182
122.31500000000038 1390.0573799297695
122.81000000000039 1454.4201290694366
123.30500000000039 1460.0387268670274
123.8000000000004 1405.7176729656571
124.2950000000004 1471.1665564174596
124.7900000000004 1476.6761627937906
125.28500000000041 1482.1498158159945
125.78000000000041 1487.5877063941482
126.27500000000042 1431.1277880765742
126.77000000000042 1498.356970110427
127.26500000000043 1441.0547806820707
127.76000000000043 1445.9682734917278
128.25500000000042 1514.2474882816587
128.75000000000043 1519.4748781645446
129.24500000000043 1524.6678726181865
129.74000000000044 1529.8266703200577
130.23500000000044 1534.9514705672175
130.73000000000044 1474.7618056323365
131.22500000000045 1479.4480354416403
131.72000000000045 1550.1238873928257
132.21500000000046 1488.725717895591
132.71000000000046 1560.0725201329321
133.20500000000047 1564.9975470626694
133.70000000000047 1502.4083283321347
134.19500000000048 1506.907629000439
134.69000000000048 1579.5778919021786
135.18500000000049 1515.8150852804254
135.6800000000005 1589.137861602016
136.1750000000005 1524.6023550100729
136.6700000000005 1598.5715078483427
137.1650000000005 1603.241463968609
137.6600000000005 1537.5614159738939
138.1550000000005 1541.8227428139826
138.65000000000052 1617.0662800018113
139.14500000000052 1621.6135373007617
139.64000000000053 1554.4344212081246
140.13500000000053 1558.5815378190168
140.63000000000054 1562.7005937615213
141.12500000000054 1639.5028263953136
141.62000000000054 1643.9012088079535
142.11500000000055 1574.891349129418
142.61000000000055 1578.9001104706851
143.10500000000056 1656.9220665797716
143.60000000000056 1586.8365544533985
144.09500000000057 1590.764620064496
144.59000000000057 1669.685612369856
145.08500000000058 1598.5413899187745
145.58000000000058 1678.054289661031
146.07500000000059 1606.213603412994
146.5700000000006 1686.3124865552354
147.0650000000006 1613.7827590050308
147.5600000000006 1694.4617342754987
148.0550000000006 1621.2503408818443
148.5500000000006 1624.946501472349
149.0450000000006 1628.6178185127997
149.54000000000062 1710.4394430841542
150.03500000000062 1714.3681335979297
150.53000000000063 1718.270901002138
151.02500000000063 1643.0582629778623
151.52000000000064 1725.9994024487792
152.01500000000064 1729.8255021795628
152.51000000000064 1653.6365260693563
153.00500000000065 1657.1155397409066
153.50000000000065 1741.1533718787161
153.99500000000066 1744.8797837479094
154.49000000000066 1748.5817200846748
154.98500000000067 1670.8008395428778
155.48000000000067 1674.1653294841626
155.97500000000068 1677.5074232482723
156.47000000000068 1763.1482276572367
156.96500000000069 1766.7304157662993
157.4600000000007 1770.2891730996869
157.9550000000007 1690.6551621050874
158.4500000000007 1777.337076778495
158.9450000000007 1780.8265612297835
159.4400000000007 1700.288887161991
159.9350000000007 1787.737432889283
160.43000000000072 1706.6056560149366
160.92500000000072 1709.732801746115
161.42000000000073 1797.9359787720866
161.91500000000073 1801.2914120831128
162.41000000000074 1804.6250740419516
162.90500000000074 1807.9371248622517
163.40000000000074 1811.2277237096125
163.89500000000075 1814.4970287010276
164.39000000000075 1817.7451969046201
164.88500000000076 1820.972384339656
165.38000000000076 1736.9677700765324
165.87500000000077 1827.364435738704
166.37000000000077 1742.8043368884519
166.86500000000078 1833.6744100921062
167.36000000000078 1836.7989972970151
167.85500000000079 1839.9035178562676
168.3500000000008 1754.2510114999295
168.8450000000008 1846.0529527941003
169.3400000000008 1849.0981614533944
169.8350000000008 1762.6423333907703
170.3300000000008 1855.1302890856268
170.8250000000008 1858.1174961346428
171.32000000000082 1861.0856556753597
171.81500000000082 1773.579624345589
172.31000000000083 1776.2700034154
172.80500000000083 1869.8772588551992
173.30000000000084 1872.770632877124
173.79500000000084 1784.2377969734703
174.29000000000084 1878.50246632364
174.78500000000085 1789.464840238908
175.28000000000085 1884.1619846208825
175.77500000000086 1886.964960958324
176.27000000000086 1797.1807330167974
176.76500000000087 1892.5180100627679
177.26000000000087 1895.2683446923445
177.75500000000088 1804.7500223658294
178.25000000000088 1900.717281420217
178.74500000000089 1809.7164050616593
179.2400000000009 1812.176015028355
179.7350000000009 1814.6200626152417
180.2300000000009 1911.4117886119575
180.7250000000009 1914.0437787056517
181.2200000000009 1821.8600038044215
181.7150000000009 1919.2586573979283
182.21000000000092 1921.8417886772656
182.70500000000092 1924.4088748137215
183.20000000000093 1926.9600348271767
183.69500000000093 1833.6261319946705
184.19000000000094 1835.935305841812
184.68500000000094 1838.2300534940584
185.18000000000094 1937.0077620038678
185.67500000000095 1939.4810447305756
186.17000000000095 1845.0288218425935
186.66500000000096 1847.2669429367565
187.16000000000096 1946.8099561717918
187.65500000000097 1949.222987146321
188.15000000000097 1853.8983745053308
188.64500000000098 1954.0048016017936
189.14000000000098 1858.2512524903686
189.63500000000099 1958.728343186208
190.130000000001 1961.0685298731776
190.625000000001 1864.6804841942896
191.120000000001 1866.7972705085745
191.615000000001 1968.0040207468637
192.110000000001 1870.9919948041509
192.605000000001 1873.0701260145793
193.10000000000102 1875.1355641081393
193.59500000000102 1977.056712242169
194.09000000000103 1879.2287387969234
194.58500000000103 1881.256662392054
195.08000000000104 1983.7038037347695
195.57500000000104 1885.2756438659044
196.07000000000104 1887.2668841947082
196.56500000000105 1990.2317756252799
197.06000000000105 1992.3817457523526
197.55500000000106 1994.5188639628013
198.05000000000106 1996.6432241185146
198.54500000000107 1998.7549193298212
199.04000000000107 1898.9644510096164
199.53500000000108 2002.9406836362048
200.03000000000108 2005.0149352442536
200.52500000000109 2007.0768869449296
201.0200000000011 1906.5312339578786
201.5150000000011 2011.1642476491836
202.0100000000011 1910.2471802239477
202.5050000000011 2015.203472648329
203.0000000000011 1913.9190409011783
203.4950000000011 2019.1952575226517
203.99000000000112 2021.1735742295082
204.48500000000112 1919.3455793661192
204.98000000000113 2025.0954787957094
205.47500000000113 1922.9100246519288
205.97000000000114 1924.6765062197871
206.46500000000114 2030.8927610462335
206.96000000000114 1928.1783692237923
207.45500000000115 1929.913901584931
207.95000000000115 2036.5893138633423
208.44500000000116 1933.354540694203
208.94000000000116 1935.059794673831
209.43500000000117 2042.1872938472745
209.93000000000117 2044.0317473717287
210.42500000000118 1940.11616504161
210.92000000000118 2047.6888058644658
211.41500000000119 2049.5015623847594
211.9100000000012 1945.0849438166586
212.4050000000012 1946.7220655611895
212.9000000000012 2054.877637576652
213.3950000000012 2056.6491767187867
213.8900000000012 1951.5769780799665
214.3850000000012 1953.1766897054913
214.88000000000122 2061.9033510827685
215.37500000000122 1956.3486233816968
215.87000000000123 1957.920976608266
216.36500000000123 1959.4843406490293
216.86000000000124 1961.0387797557703
217.35500000000124 2070.4630761151707
217.85000000000124 1964.1211375473758
218.34500000000125 1965.649182122432
218.84000000000125 2075.4836100548196
219.33500000000126 2077.138308892682
219.83000000000126 2078.7837115673046
220.32500000000127 1971.675243110378
220.82000000000127 2082.046888899294
221.31500000000128 1974.6374542607866
221.81000000000128 2085.2736577806545
222.3050000000013 2086.8735479592156
222.8000000000013 1979.018586830227
223.2950000000013 1980.4626153022193
223.7900000000013 2091.6199920157437
224.2850000000013 1983.326493072026
224.7800000000013 1984.746455538879
225.2750000000013 2096.287886304763
225.77000000000132 2097.826677646889
226.26500000000132 1988.959106659617
226.76000000000133 2100.8788563749895
227.25500000000133 2102.392360828502
227.75000000000134 2103.897552608082
228.24500000000134 1994.467797436274
228.74000000000134 1995.8260105195225
229.23500000000135 2108.3638233365605
229.73000000000135 2109.836333580778
230.22500000000136 2111.3008134717643
230.72000000000136 2001.1845956218924
231.21500000000137 2114.205902243002
231.71000000000137 2003.8200448746613
232.20500000000138 2117.079525384914
232.70000000000138 2118.5046716225356
233.1950000000014 2007.7195439318757
233.6900000000014 2009.0052604042658
234.1850000000014 2010.2839994263734
234.6800000000014 2124.1287186924487
235.1750000000014 2012.8207363745692
235.6700000000014 2126.895545003529
236.1650000000014 2015.3301334607781
236.66000000000142 2016.574696238387
237.15500000000142 2017.8125633233124
237.65000000000143 2132.3408313086675
238.14500000000143 2133.684032613335
238.64000000000144 2135.0200834635293
239.13500000000144 2136.349032013877
239.63000000000144 2137.6709260400253
240.12500000000145 2025.1016874613995
240.62000000000145 2026.2939427569283
241.11500000000146 2141.5947531126317
241.61000000000146 2142.8888993314868
242.10500000000147 2029.8328365219377
242.60000000000147 2145.4567736833765
243.09500000000148 2146.730592597428
243.59000000000148 2147.997725932559
244.0850000000015 2034.4645698867248
244.5800000000015 2035.6072812642863
245.0750000000015 2036.7439853479973
245.5700000000015 2037.8747223210955
246.0650000000015 2038.9995320498542
246.5600000000015 2155.4625970366315
247.0550000000015 2156.684158266525
247.55000000000152 2157.899380407097
248.04500000000152 2159.1083052662
248.54000000000153 2044.536045506587
249.03500000000153 2161.507428751309
249.53000000000154 2162.6977093812293
250.02500000000154 2163.881856743006
250.52000000000155 2165.0599110491644
251.01500000000155 2049.930180311637
251.51000000000155 2050.992333594777
252.00500000000156 2052.0490142883887
252.50000000000156 2053.100258381245
252.99500000000157 2170.860172569147
253.49000000000157 2172.002495778861
253.98500000000158 2173.1389988626415
254.48000000000158 2174.2697196189633
254.9750000000016 2175.3946955560527
255.4700000000016 2059.2955346693298
255.9650000000016 2177.6275615690056
256.46000000000157 2061.318720735734
256.9550000000016 2179.837891255815
257.4500000000016 2063.32140641704
257.9450000000016 2182.025974483109
258.4400000000016 2183.111763049444
258.9350000000016 2184.1920967060655
259.4300000000016 2185.2670104578724
259.9250000000016 2068.2401625339653
260.4200000000016 2069.2090939633467
260.9150000000016 2188.459578350584
261.4100000000016 2189.5131572375058
261.9050000000016 2072.0868185944464
262.4000000000016 2073.03647377996
262.89500000000163 2192.6425344151603
263.39000000000163 2074.921588476328
263.88500000000164 2194.7029842129505
264.38000000000164 2195.725566679333
264.87500000000165 2196.7430971998406
265.37000000000165 2078.6358769287517
265.86500000000166 2079.5529673855285
266.36000000000166 2080.4655234953775
266.85500000000167 2081.3735740293037
267.35000000000167 2082.2771475403015
267.8450000000017 2202.7439621129447
268.3400000000017 2203.7270103731994
268.8350000000017 2204.7052556912377
269.3300000000017 2085.847234889497
269.8250000000017 2206.647457616341
270.3200000000017 2207.6114737213306
270.8150000000017 2088.479159004147
271.3100000000017 2209.525483301083
271.8050000000017 2210.4755349536576
272.3000000000017 2211.4209896063185
272.7950000000017 2212.3618758103385
273.2900000000017 2213.2982219051605
273.78500000000173 2093.6288003148484
274.28000000000173 2094.472575835427
274.77500000000174 2216.080299789166
275.27000000000174 2216.998764667519
275.76500000000175 2217.912828018505
276.26000000000175 2097.80719348894
276.75500000000176 2098.6308519282147
277.25000000000176 2220.6288789644223
277.74500000000177 2100.2663462301057
278.24000000000177 2222.418063597428
278.7350000000018 2223.3062800663315
279.2300000000018 2224.190280609961
279.7250000000018 2225.070090970406
280.2200000000018 2104.287242194134
280.7150000000018 2226.8172431699923
281.2100000000018 2227.6846355579414
281.7050000000018 2228.547938863407
282.2000000000018 2107.435737376823
282.6950000000018 2230.26237731028
283.1900000000018 2231.113561543314
283.6850000000018 2231.9607548801187
284.1800000000018 2110.525181594946
284.67500000000183 2233.643265100019
285.17000000000183 2112.048205861106
285.66500000000184 2112.804370067318
286.16000000000184 2113.556997720263
286.65500000000185 2236.961443666603
287.15000000000185 2115.0517286212516
287.64500000000186 2238.597485272881
288.14000000000186 2116.532567529522
288.63500000000187 2240.218406137989
289.13000000000187 2117.9996809682984
289.6250000000019 2241.824386263155
290.1200000000019 2242.6218290937786
290.6150000000019 2243.4156030760355
291.1100000000019 2244.2057299931384
291.6050000000019 2121.6084868795338
292.1000000000019 2122.3202979101357
292.5950000000019 2246.5544438589795
293.0900000000019 2247.3301972541162
293.5850000000019 2248.102410191004
294.0800000000019 2248.8711035379383
294.5750000000019 2125.830678899127
295.0700000000019 2250.3980141954316
295.56500000000193 2127.212473622846
296.06000000000193 2251.9110932311764
296.55500000000194 2128.5817179173814
297.05000000000194 2129.261679774503
297.54500000000195 2254.1551305701746
298.04000000000195 2130.612374005303
298.53500000000196 2255.634332981957
299.03000000000196 2131.950882216608
299.52500000000197 2257.1002598140685
300.02000000000197 2257.828293061099
300.515000000002 2258.553064951165
301.010000000002 2134.5919072652714
301.505000000002 2259.992900127684
302.000000000002 2135.894702470722
302.495000000002 2261.4199149623996
302.990000000002 2262.128660937296
303.485000000002 2262.8342569922966
303.980000000002 2138.4655395785444
304.475000000002 2139.1011060364153
304.970000000002 2139.7338483121325
305.465000000002 2265.6255025758055
305.960000000002 2266.315618361384
306.45500000000203 2267.002691091224
306.95000000000203 2267.6867381466996
307.44500000000204 2142.855762506644
307.94000000000204 2269.045824160686
308.43500000000205 2269.720897285449
308.93000000000205 2144.6960449296616
309.42500000000206 2271.062188305573
309.92000000000206 2145.9094653054817
310.41500000000207 2272.391783714218
310.91000000000207 2273.0522368954253
311.4050000000021 2147.7097486065395
311.9000000000021 2148.304610413585
312.3950000000021 2275.0164140285333
312.8900000000021 2275.6654659766723
313.3850000000021 2276.3117076224553
313.8800000000021 2276.9551547504125
314.3750000000021 2151.2403368138685
314.8700000000021 2278.233728054769
315.3650000000021 2152.396891629611
315.8600000000021 2152.9714253820493
316.3550000000021 2280.1310176097386
316.8500000000021 2280.7580231495767
317.34500000000213 2281.3823417025683
317.84000000000214 2155.2449276318825
318.33500000000214 2282.6229775410766
318.83000000000214 2156.367091097152
319.32500000000215 2156.9245732644213
319.82000000000215 2157.479673515435
320.31500000000216 2285.0726563956114
320.81000000000216 2285.678579004924
321.30500000000217 2286.281931434892
321.80000000000217 2159.676518676086
322.2950000000022 2160.219906060834
322.7900000000022 2288.0767088088196
323.2850000000022 2288.6699212107233
323.7800000000022 2161.836295883065
324.2750000000022 2289.8488588026403
324.7700000000022 2290.434611295284
325.2650000000022 2163.4322913859573
325.7600000000022 2163.9598157392
326.2550000000022 2164.485123429656
326.7500000000022 2292.7531602273752
327.2450000000022 2293.3267486639747
327.7400000000022 2293.897943859939
328.23500000000223 2294.4667588024477
328.73000000000224 2295.0332063930005
329.22500000000224 2295.597299448091
329.72000000000224 2296.1590506998477
330.21500000000225 2168.6092232162614
330.71000000000225 2297.2755783038974
331.20500000000226 2297.830379704396
331.70000000000226 2170.1206189204945
332.19500000000227 2170.6202497115137
332.69000000000227 2171.1178153358155
333.1850000000023 2300.0267910462035
333.6800000000023 2300.570256314395
334.1750000000023 2172.5982320682615
334.6700000000023 2173.087647522849
335.1650000000023 2302.18731429784
335.6600000000023 2302.7219271708786
336.1550000000023 2303.254356367168
336.6500000000023 2303.7846135030295
337.1450000000023 2175.5047848224144
337.6400000000023 2175.9822986521563
338.1350000000023 2305.3624675858637
338.6300000000023 2176.931496429864
339.12500000000233 2177.403201009725
339.62000000000234 2306.921184152837
340.11500000000234 2307.436555872725
340.61000000000234 2307.9498458009207
341.10500000000235 2308.4610648965495
341.60000000000235 2308.9702240484394
342.09500000000236 2309.4773340756356
342.59000000000236 2180.6520517978406
343.08500000000237 2310.4854496863145
343.58000000000237 2181.5635312180693
344.0750000000024 2311.4854969049675
344.5700000000024 2311.982521188156
345.0650000000024 2312.47755982435
345.5600000000024 2312.9706231584632
346.0550000000024 2313.46172146968
346.5500000000024 2184.2544287561673
347.0450000000024 2314.4380638143857
347.5400000000024 2314.923328081941
348.0350000000024 2185.575851673223
348.5300000000024 2315.8880929133347
349.0250000000024 2186.4480707912307
349.5200000000024 2316.8452388774886
350.01500000000243 2187.313390568719
350.51000000000244 2187.743485487599
351.00500000000244 2188.1718821981653
351.50000000000244 2318.736986871614
351.99500000000245 2319.2052834103206
352.49000000000245 2189.446970394894
352.98500000000246 2189.8686613126692
353.48000000000246 2320.5991876465673
353.97500000000247 2190.707086751884
354.47000000000247 2321.519396004039
354.9650000000025 2321.976809542429
355.4600000000025 2322.4324414974476
355.9550000000025 2192.364347827195
356.4500000000025 2323.33839684761
356.9450000000025 2193.1833163082256
357.4400000000025 2193.590413687482
357.9350000000025 2324.684192717033
358.4300000000025 2194.3998750841715
358.9250000000025 2325.5727349820486
359.4200000000025 2326.0144358102198
359.9150000000025 2326.454434616576
360.4100000000025 2196.000087307147
360.90500000000253 2327.3293603883285
361.40000000000254 2327.764304334482
361.89500000000254 2328.1975802210964
362.39000000000254 2197.5757694506665
362.88500000000255 2197.9659148589712
363.38000000000255 2329.487482873732
363.87500000000256 2329.9141696174743
364.37000000000256 2199.127411602792
364.86500000000257 2330.762670916854
365.3600000000026 2199.894367558664
365.8550000000026 2200.2756550442004
366.3500000000026 2200.6554919053224
366.8450000000026 2201.0338853643866
367.3400000000026 2201.4108425997097
367.8350000000026 2201.7863707458805
368.3300000000026 2333.68210853821
368.8250000000026 2202.5331680923355
369.3200000000026 2202.904451345956
369.8150000000026 2334.9098068388544
370.3100000000026 2203.642821828159
370.8050000000026 2335.7205963792253
371.3000000000026 2204.3756435383843
371.79500000000263 2336.5253153700423
372.29000000000264 2205.102971008829
372.78500000000264 2205.464591265783
373.28000000000264 2337.721141313951
373.77500000000265 2206.1837781917334
374.27000000000265 2338.5109422440632
374.76500000000266 2338.903639478999
375.26000000000266 2207.252523517291
375.75500000000267 2207.6061220410625
376.2500000000027 2340.073003820627
376.7450000000027 2208.309382892124
377.2400000000027 2340.8453776963083
377.7350000000027 2209.0074379474113
378.2300000000027 2209.354529084204
378.7250000000027 2341.9932740062404
379.2200000000027 2210.0448698129903
379.7150000000027 2210.3881317884716
380.2100000000027 2343.1285370344985
380.7050000000027 2343.5041821372724
381.2000000000027 2343.878450400319
381.6950000000027 2211.7485998645966
382.1900000000027 2344.622882805336
382.68500000000273 2344.99306004938
383.18000000000274 2212.7559109036442
383.67500000000274 2345.7293690876336
384.17000000000274 2346.095513754556
384.66500000000275 2213.752222722164
385.16000000000275 2214.0819096232217
385.65500000000276 2347.1859847937094
386.15000000000276 2214.737692420011
386.64500000000277 2347.9063926489634
387.1400000000028 2215.388725152587
387.6350000000028 2215.712474348757
388.1300000000028 2216.035052887806
388.6250000000028 2349.3316569340154
389.1200000000028 2349.6847687972163
389.6150000000028 2216.99581991558
390.1100000000028 2217.3137710187416
390.6050000000028 2350.736510718495
391.1000000000028 2217.94624895469
391.5950000000028 2218.260786540312
392.0900000000028 2218.5741969877586
392.5850000000028 2218.8864855959823
393.0800000000028 2219.1976576333595
393.57500000000283 2352.8063545929417
394.07000000000284 2353.147035652389
394.56500000000284 2220.124526549342
395.06000000000284 2220.4312843821494
395.55500000000285 2220.7369515341243
396.05000000000285 2221.041533094325
396.54500000000286 2354.8323840413673
397.04000000000286 2355.1658814204875
397.53500000000287 2355.4982009126056
398.0300000000029 2355.829347974513
398.5250000000029 2356.1593280319844
399.0200000000029 2222.846506363808
399.5150000000029 2223.143628848896
400.0100000000029 2223.439705420608
400.5050000000029 2357.467685657678
401.0000000000029 2357.791911007202
401.4950000000029 2224.3217078525477
401.9900000000029 2224.6136488312413
402.4850000000029 2358.7577973410607
402.9800000000029 2225.194469429362
403.4750000000029 2359.396115243006
403.9700000000029 2359.7136076774223
404.46500000000293 2226.0581170002592
404.96000000000294 2226.3439958052186
405.45500000000294 2226.628880383948
405.95000000000294 2226.912775277692
406.44500000000295 2361.284606593499
406.94000000000295 2227.4776140477825
407.43500000000296 2361.9054162172056
407.93000000000296 2228.038547938164
408.42500000000297 2228.3175616384933
408.920000000003 2228.595612371361
409.415000000003 2363.1342394868598
409.910000000003 2363.4388075504926
410.405000000003 2229.4240303051038
410.900000000003 2364.0448116428906
411.395000000003 2364.3462570719544
411.890000000003 2230.2439372604063
412.385000000003 2230.515368120482
412.880000000003 2230.7858702692174
413.375000000003 2231.055447882327
413.870000000003 2231.324105112419
414.365000000003 2366.133429043687
414.860000000003 2231.8586749193605
415.35500000000303 2366.721071900983
415.85000000000304 2232.389612454463
416.34500000000304 2367.3047341477104
416.84000000000304 2367.5950836145093
417.33500000000305 2367.8844511670395
417.83000000000305 2233.440719970621
418.32500000000306 2368.460257955573
418.82000000000306 2368.746705845268
419.31500000000307 2369.0321891283606
419.8100000000031 2234.477682656125
420.3050000000031 2234.734742550171
420.8000000000031 2369.8828939026093
421.2950000000031 2235.246272390767
421.7900000000031 2370.4452850167445
422.2850000000031 2370.7250694813683
422.7800000000031 2236.0071493236137
423.2750000000031 2371.281836880078
423.7700000000031 2371.5588280089237
424.2650000000031 2236.7604150163133
424.7600000000031 2237.0098295103335
425.2550000000031 2237.258413086829
425.7500000000031 2372.6576032973103
426.24500000000313 2372.9300198610963
426.74000000000314 2373.20153346552
427.23500000000314 2373.4721480452376
427.73000000000314 2373.7418675137997
428.22500000000315 2374.010695763759
428.72000000000315 2238.975535798662
429.21500000000316 2374.5456940740673
429.71000000000316 2239.4588682914355
430.20500000000317 2375.0771737021532
430.7000000000032 2375.3416035226446
431.1950000000032 2375.6051650467725
431.6900000000032 2240.416016197796
432.1850000000032 2240.653340439506
432.6800000000032 2240.8898863679383
433.1750000000032 2376.6508028689245
433.6700000000032 2241.3606567021366
434.1650000000032 2377.168508544414
434.6600000000032 2377.4260958687046
435.1550000000032 2377.6828443402674
435.6500000000032 2242.2930042055914
436.1450000000032 2378.193839079478
436.6400000000032 2378.448092476961
437.13500000000323 2242.984323976393
437.63000000000324 2243.2132685922347
438.12500000000324 2379.2059191665426
438.62000000000324 2379.4568952277323
439.11500000000325 2379.7070606581683
439.61000000000325 2244.1216553412805
440.10500000000326 2244.3469198167027
440.60000000000326 2380.452727523334
441.09500000000327 2380.6996846993657
441.5900000000033 2380.945848289557
442.0850000000033 2381.191221649662
442.5800000000033 2245.462403834318
443.0750000000033 2245.6833543424104
443.5700000000033 2381.9226336451925
444.0650000000033 2382.164879294173
444.5600000000033 2382.406351231551
445.0550000000033 2246.560102394982
445.5500000000033 2246.7775407490094
446.0450000000033 2246.9942855198115
446.5400000000033 2383.3645666607454
447.0350000000033 2383.602218490463
447.5300000000033 2383.839115872157
448.02500000000333 2384.075261958622
448.52000000000334 2248.067707072352
449.01500000000334 2248.2803510026065
449.51000000000334 2248.4923214304417
450.00500000000335 2385.012395841346
450.50000000000335 2385.2448321782845
450.99500000000336 2249.1242197247493
451.49000000000336 2249.333524096225
451.98500000000337 2249.5421688702645
452.4800000000034 2249.7501567851677
452.9750000000034 2249.957490565208
453.4700000000034 2250.16417292071
453.9650000000034 2386.8515396997773
454.4600000000034 2250.5755941301572
454.9550000000034 2387.30414866747
455.4500000000034 2387.529392843438
455.9450000000034 2251.187907225845
456.4400000000034 2251.3907371805367
456.9350000000034 2251.5929342995105
457.4300000000034 2251.7945011845195
457.9250000000034 2251.9954404241134
458.4200000000034 2252.1957545937175
458.91500000000343 2252.3954462556967
459.41000000000344 2252.5945179594723
459.90500000000344 2389.52529936887
460.40000000000344 2389.7436418909047
460.89500000000345 2253.1880386226767
461.39000000000345 2390.1783054389307
461.88500000000346 2253.5806654362887
462.38000000000346 2253.7760702117794
462.87500000000347 2390.8252880182667
463.3700000000035 2391.0396229834796
463.8650000000035 2254.3586795053075
464.3600000000035 2391.4663201648127
464.8550000000035 2391.678687698288
465.3500000000035 2391.8904047164183
465.8450000000035 2392.1014738448243
466.3400000000035 2392.311897696032
466.8350000000035 2392.5216788695893
467.3300000000035 2392.7308199520903
467.8250000000035 2392.939323517277
468.3200000000035 2393.147192126128
468.8150000000035 2393.3544283269107
469.3100000000035 2256.44957528716
469.80500000000353 2393.767013634262
470.30000000000354 2393.97236777453
470.79500000000354 2257.007734545254
471.29000000000354 2394.381211519331
471.78500000000355 2394.5847060833225
472.28000000000355 2257.5608315166573
472.77500000000356 2394.9898529016564
473.27000000000356 2257.9267803270345
473.76500000000357 2258.1089266290337
474.2600000000036 2395.593003914083
474.7550000000036 2395.792845459654
475.2500000000036 2395.9920866019984
475.7450000000036 2396.190729719175
476.2400000000036 2259.011464552843
476.7350000000036 2396.586231332082
477.2300000000036 2259.3686963579216
477.7250000000036 2259.546510082175
478.2200000000036 2397.175057348422
478.7150000000036 2397.3701616067065
479.2100000000036 2260.0767678263846
479.7050000000036 2397.758627307505
480.2000000000036 2397.951993312591
480.69500000000363 2398.1447844440645
481.19000000000364 2260.776427860461
481.68500000000364 2260.950044041956
482.18000000000364 2261.1231447652344
482.67500000000365 2261.2957320493083
483.17000000000365 2261.467807903443
483.66500000000366 2261.639374327158
484.16000000000366 2399.4784138466994
484.65500000000367 2399.666686213471
485.1500000000037 2399.8544036021885
485.6450000000037 2262.320585371353
486.1400000000037 2400.2281820657977
486.6350000000037 2262.658185593556
487.1300000000037 2262.8262411862806
487.6250000000037 2400.7847410320255
488.1200000000037 2263.160872953703
488.6150000000037 2401.1530658836764
489.1100000000037 2401.3364202608764
489.6050000000037 2263.659150640095
490.1000000000037 2401.7015232999265
490.5950000000037 2263.988911138063
491.0900000000037 2402.0644991124404
491.58500000000373 2402.245194419738
492.08000000000374 2402.4253640341553
492.57500000000374 2402.6050099734694
493.07000000000374 2402.7841342458773
493.56500000000375 2264.9667179354374
494.06000000000375 2265.1280315738823
494.55500000000376 2403.318397001109
495.05000000000376 2403.4954544982306
495.54500000000377 2265.609172897289
496.0400000000038 2265.768626081679
496.5350000000038 2265.9276185869144
497.0300000000038 2266.086152170007
497.5250000000038 2404.373104368424
498.0200000000038 2404.5471203542334
498.5150000000038 2266.5590168323724
499.0100000000038 2404.8936536427555
499.5050000000038 2405.066174731366
